Number of individuals: 960 Number of features: 8
dots, [[1y 1x], [2y, 2x], [3y, 3x]], iteration
[344, [[97, 189], [120, 193], [52, 211]], 0]
[386, [[115, 210], [92, 225], [79, 200]], 0]
[559, [[37, 208], [93, 212], [119, 194]], 0]
[736, [[109, 223], [89, 190], [53, 204]], 0]
[853, [[126, 229], [74, 220], [122, 196]], 0]
[1031, [[68, 205], [123, 186], [127, 222]], 2]
[1214, [[115, 192], [57, 212], [120, 232]], 4]
[1299, [[122, 223], [105, 186], [45, 208]], 9]
[1396, [[48, 212], [128, 221], [109, 184]], 12]
[1524, [[57, 199], [119, 231], [125, 185]], 32]
[1665, [[124, 235], [107, 187], [46, 209]], 35]
[1758, [[120, 224], [124, 179], [44, 205]], 45]
[1765, [[40, 204], [128, 183], [120, 225]], 61]
[1834, [[124, 186], [45, 206], [124, 233]], 80]
[1891, [[127, 234], [115, 185], [45, 213]], 175]
[2103, [[114, 230], [36, 205], [123, 179]], 206]
[2393, [[38, 208], [127, 234], [126, 180]], 233]

Process finished with exit code 0

Number of individuals: 960 Number of features: 8
dots, [[1y 1x], [2y, 2x], [3y, 3x]], iteration
[421, [[96, 200], [111, 223], [61, 200]], 0]
[451, [[124, 185], [54, 207], [88, 209]], 0]
[882, [[125, 187], [107, 221], [61, 210]], 0]
[1164, [[127, 235], [114, 208], [31, 208]], 1]
[1418, [[94, 191], [125, 232], [37, 207]], 11]
[1609, [[32, 209], [126, 230], [109, 192]], 25]
[1841, [[38, 202], [119, 185], [119, 231]], 34]
[1942, [[121, 233], [115, 184], [39, 210]], 107]
[2077, [[124, 233], [113, 182], [37, 207]], 382]
[2292, [[41, 212], [128, 233], [122, 179]], 1157]
[2393, [[121, 179], [28, 206], [119, 231]], 1886]

Process finished with exit code 0

Number of individuals: 960 Number of features: 8
dots, [[1y 1x], [2y, 2x], [3y, 3x]], iteration
[56, [[78, 202], [88, 208], [80, 214]], 0]
[680, [[115, 197], [114, 228], [71, 203]], 0]
[736, [[58, 203], [95, 227], [127, 208]], 1]
[843, [[107, 221], [126, 198], [48, 204]], 2]
[965, [[110, 218], [123, 179], [67, 200]], 2]
[1449, [[115, 231], [123, 195], [40, 207]], 3]
[1745, [[115, 191], [37, 202], [127, 234]], 4]
[1773, [[39, 204], [126, 182], [125, 223]], 13]
[1986, [[39, 205], [124, 234], [117, 185]], 92]
[2170, [[121, 181], [126, 234], [42, 211]], 133]
[2411, [[128, 231], [127, 180], [33, 204]], 388]

Process finished with exit code 0

Number of individuals: 960 Number of features: 8
dots, [[1y 1x], [2y, 2x], [3y, 3x]], iteration
[156, [[108, 195], [96, 225], [119, 193]], 0]
[350, [[78, 199], [108, 212], [57, 213]], 0]
[570, [[66, 219], [100, 227], [102, 194]], 0]
[759, [[99, 208], [120, 186], [31, 207]], 0]
[852, [[75, 217], [113, 232], [115, 188]], 0]
[1240, [[50, 210], [122, 225], [114, 189]], 1]
[1561, [[110, 182], [44, 212], [117, 226]], 5]
[1882, [[126, 230], [49, 209], [125, 181]], 11]
[2052, [[121, 188], [29, 207], [119, 233]], 155]
[2086, [[31, 205], [127, 234], [115, 187]], 156]
[2100, [[125, 180], [128, 234], [49, 210]], 173]
[2191, [[113, 183], [128, 232], [31, 207]], 188]
[2251, [[31, 204], [119, 229], [123, 179]], 1137]
[2411, [[128, 179], [30, 209], [122, 230]], 2012]

Process finished with exit code 0

Number of individuals: 960 Number of features: 8
dots, [[1y 1x], [2y, 2x], [3y, 3x]], iteration
[155, [[106, 186], [123, 185], [108, 204]], 0]
[270, [[66, 199], [99, 205], [117, 192]], 0]
[1044, [[118, 230], [97, 191], [56, 214]], 0]
[1203, [[117, 221], [43, 209], [120, 189]], 2]
[1478, [[125, 181], [117, 232], [63, 207]], 11]
[1530, [[113, 183], [36, 205], [125, 219]], 29]
[1672, [[127, 230], [30, 205], [117, 193]], 40]
[1734, [[31, 207], [111, 186], [116, 228]], 90]
[1989, [[123, 180], [125, 226], [38, 210]], 131]
[2008, [[117, 182], [45, 200], [127, 235]], 379]
[2060, [[119, 180], [127, 234], [47, 208]], 599]
[2086, [[32, 209], [111, 182], [122, 231]], 1108]
[2242, [[123, 229], [33, 205], [122, 179]], 1285]
[2379, [[119, 232], [122, 179], [31, 205]], 2238]

Process finished with exit code 0

Number of individuals: 960 Number of features: 8
dots, [[1y 1x], [2y, 2x], [3y, 3x]], iteration
[38, [[72, 196], [75, 197], [31, 207]], 0]
[58, [[90, 205], [84, 193], [91, 225]], 0]
[378, [[122, 198], [118, 209], [49, 210]], 0]
[1077, [[55, 198], [117, 186], [100, 224]], 0]
[1305, [[35, 208], [120, 225], [112, 193]], 4]
[1745, [[53, 208], [125, 181], [125, 230]], 29]
[1885, [[36, 209], [127, 235], [128, 194]], 69]
[2690, [[29, 206], [126, 179], [124, 235]], 88]
[2701, [[127, 179], [28, 208], [128, 233]], 2645]

Process finished with exit code 0

Number of individuals: 960 Number of features: 8
dots, [[1y 1x], [2y, 2x], [3y, 3x]], iteration
[59, [[73, 210], [125, 226], [106, 218]], 0]
[186, [[124, 215], [117, 226], [99, 202]], 0]
[345, [[52, 198], [121, 217], [99, 201]], 0]
[417, [[247, 110], [235, 138], [211, 126]], 0]
[537, [[101, 215], [96, 188], [58, 197]], 0]
[1193, [[67, 194], [121, 180], [106, 228]], 0]
[1332, [[106, 216], [128, 179], [40, 206]], 1]
[1701, [[119, 185], [29, 205], [113, 224]], 2]
[1710, [[116, 185], [107, 229], [34, 206]], 4]
[2203, [[125, 179], [40, 212], [127, 230]], 55]
[2206, [[127, 234], [125, 185], [36, 209]], 342]
[2313, [[123, 232], [121, 180], [33, 203]], 679]
[2346, [[126, 231], [30, 204], [118, 180]], 925]
[2424, [[31, 206], [127, 184], [127, 235]], 1201]
[2520, [[30, 208], [126, 180], [126, 233]], 1881]

Process finished with exit code 0
