Number of individuals: 960 Number of features: 8
dots, [[1y 1x], [2y, 2x], [3y, 3x]], iteration
[451, [[158, 167], [122, 198], [165, 186]], 0]
[535, [[111, 86], [159, 96], [91, 104]], 0]
[778, [[134, 178], [108, 203], [168, 205]], 0]
[1278, [[92, 188], [163, 188], [165, 151]], 0]
[2021, [[74, 98], [135, 67], [161, 120]], 0]
[2367, [[76, 89], [166, 74], [166, 127]], 13]
[2937, [[58, 186], [164, 208], [161, 152]], 115]
[3322, [[63, 187], [167, 155], [162, 220]], 175]
[3763, [[54, 92], [164, 56], [159, 126]], 274]

Process finished with exit code 0

Number of individuals: 960 Number of features: 8
dots, [[1y 1x], [2y, 2x], [3y, 3x]], iteration
[200, [[125, 193], [125, 203], [85, 187]], 0]
[333, [[121, 95], [80, 92], [160, 114]], 0]
[482, [[90, 181], [132, 177], [110, 202]], 0]
[572, [[82, 186], [168, 208], [118, 182]], 0]
[1040, [[119, 169], [80, 191], [162, 198]], 0]
[1085, [[166, 218], [162, 182], [103, 192]], 0]
[1664, [[142, 215], [144, 164], [78, 184]], 0]
[3063, [[63, 95], [161, 126], [153, 61]], 3]
[3264, [[71, 92], [168, 128], [166, 60]], 58]
[3564, [[168, 59], [168, 122], [54, 92]], 186]
[3686, [[53, 186], [167, 148], [159, 215]], 611]

Process finished with exit code 0

Number of individuals: 960 Number of features: 8
dots, [[1y 1x], [2y, 2x], [3y, 3x]], iteration
[56, [[113, 96], [121, 96], [129, 81]], 0]
[250, [[95, 188], [153, 195], [159, 204]], 0]
[442, [[126, 84], [150, 114], [152, 80]], 0]
[622, [[146, 61], [70, 92], [115, 90]], 0]
[786, [[160, 68], [113, 104], [154, 106]], 0]
[1483, [[167, 221], [156, 159], [115, 195]], 0]
[1573, [[74, 90], [161, 127], [133, 79]], 3]
[1591, [[134, 160], [83, 176], [154, 216]], 5]
[1798, [[166, 117], [78, 89], [159, 74]], 9]
[1884, [[67, 191], [168, 152], [161, 192]], 10]
[2518, [[166, 208], [157, 157], [64, 189]], 16]
[2625, [[146, 122], [167, 66], [64, 91]], 22]
[2653, [[154, 153], [166, 218], [80, 194]], 158]
[2923, [[60, 186], [160, 213], [160, 154]], 164]
[3096, [[162, 62], [165, 127], [68, 88]], 317]
[3273, [[157, 60], [165, 126], [62, 94]], 345]
[3539, [[168, 151], [55, 187], [157, 217]], 800]

Process finished with exit code 0

Number of individuals: 960 Number of features: 8
dots, [[1y 1x], [2y, 2x], [3y, 3x]], iteration
[1643, [[161, 59], [146, 119], [98, 93]], 0]
[1824, [[121, 208], [74, 185], [165, 152]], 1]
[2924, [[168, 129], [76, 93], [156, 61]], 1]
[2930, [[64, 183], [156, 217], [163, 156]], 7]
[2937, [[60, 94], [161, 124], [168, 68]], 171]
[3161, [[65, 184], [157, 153], [162, 220]], 215]
[3226, [[69, 89], [168, 126], [163, 59]], 327]
[3241, [[161, 56], [163, 115], [53, 92]], 560]
[3676, [[162, 58], [57, 93], [164, 127]], 1392]

Process finished with exit code 0

Number of individuals: 960 Number of features: 8
dots, [[1y 1x], [2y, 2x], [3y, 3x]], iteration
[733, [[118, 183], [138, 208], [166, 170]], 0]
[991, [[146, 191], [159, 219], [73, 186]], 0]
[2575, [[59, 184], [168, 153], [158, 203]], 0]
[2715, [[160, 219], [72, 186], [156, 156]], 81]
[2776, [[138, 158], [59, 185], [165, 219]], 167]
[2791, [[58, 93], [152, 60], [152, 120]], 297]
[3511, [[58, 90], [167, 56], [167, 121]], 308]

Process finished with exit code 0

Number of individuals: 960 Number of features: 8
dots, [[1y 1x], [2y, 2x], [3y, 3x]], iteration
[388, [[163, 201], [105, 194], [166, 188]], 0]
[563, [[85, 192], [164, 219], [150, 200]], 0]
[1125, [[120, 110], [83, 88], [143, 63]], 0]
[1493, [[161, 60], [100, 81], [140, 116]], 3]
[1569, [[136, 168], [86, 183], [168, 221]], 4]
[1963, [[163, 60], [96, 86], [167, 117]], 6]
[2034, [[153, 155], [80, 195], [167, 203]], 7]
[2241, [[154, 123], [146, 62], [76, 88]], 8]
[2362, [[159, 66], [151, 117], [62, 94]], 20]
[2424, [[64, 182], [164, 158], [145, 211]], 47]
[2437, [[168, 118], [161, 58], [84, 93]], 61]
[2491, [[167, 122], [165, 60], [86, 100]], 71]
[2571, [[159, 124], [60, 94], [145, 68]], 79]
[3033, [[65, 183], [164, 160], [165, 221]], 107]
[3311, [[166, 124], [156, 59], [59, 90]], 488]
[3508, [[57, 93], [165, 122], [161, 56]], 861]
[3510, [[57, 92], [165, 122], [161, 56]], 862]
[3641, [[55, 92], [166, 124], [160, 57]], 2125]

Process finished with exit code 0

Number of individuals: 960 Number of features: 8
dots, [[1y 1x], [2y, 2x], [3y, 3x]], iteration
[89, [[145, 116], [74, 86], [165, 122]], 0]
[201, [[165, 221], [152, 207], [105, 187]], 0]
[1102, [[111, 176], [147, 159], [162, 213]], 0]
[1651, [[132, 170], [166, 212], [64, 183]], 0]
[1859, [[76, 93], [125, 114], [164, 55]], 3]
[1860, [[163, 62], [68, 91], [147, 106]], 6]
[2129, [[60, 187], [165, 163], [141, 209]], 9]
[2385, [[58, 94], [144, 119], [149, 65]], 12]
[2564, [[78, 98], [167, 56], [166, 114]], 27]
[2653, [[88, 102], [162, 57], [168, 125]], 34]
[3171, [[157, 217], [62, 188], [166, 153]], 92]
[3205, [[168, 128], [153, 66], [56, 92]], 100]
[3711, [[59, 92], [166, 55], [166, 125]], 450]

Process finished with exit code 0
