Number of individuals: 960 Number of features: 8
dots, [[1y 1x], [2y, 2x], [3y, 3x]], iteration
[99, [[124, 105], [89, 95], [84, 99]], 0]
[217, [[143, 69], [162, 65], [162, 89]], 0]
[220, [[139, 103], [119, 80], [115, 97]], 0]
[916, [[131, 116], [162, 76], [107, 88]], 0]
[1181, [[139, 82], [66, 88], [167, 112]], 0]
[2042, [[85, 175], [160, 162], [151, 218]], 0]
[2220, [[97, 93], [165, 121], [168, 57]], 3]
[2242, [[168, 119], [140, 70], [63, 95]], 15]
[2308, [[76, 85], [150, 60], [151, 122]], 28]
[2368, [[138, 65], [164, 124], [71, 95]], 37]
[2867, [[61, 185], [167, 161], [154, 218]], 53]
[3160, [[160, 65], [168, 126], [60, 92]], 98]
[3596, [[58, 94], [168, 54], [166, 120]], 850]
[3619, [[58, 93], [164, 60], [168, 127]], 1798]

Process finished with exit code 0

Number of individuals: 960 Number of features: 8
dots, [[1y 1x], [2y, 2x], [3y, 3x]], iteration
[238, [[111, 171], [132, 195], [163, 208]], 0]
[427, [[131, 116], [161, 90], [159, 120]], 0]
[1190, [[128, 197], [163, 162], [80, 178]], 0]
[1250, [[150, 169], [162, 206], [90, 192]], 0]
[2323, [[161, 213], [74, 185], [159, 159]], 2]
[2596, [[150, 64], [77, 90], [167, 129]], 23]
[2610, [[155, 219], [156, 155], [74, 185]], 37]
[3428, [[157, 155], [160, 220], [53, 186]], 42]

Process finished with exit code 0

Number of individuals: 960 Number of features: 8
dots, [[1y 1x], [2y, 2x], [3y, 3x]], iteration
[169, [[146, 182], [166, 205], [146, 198]], 0]
[174, [[70, 191], [143, 163], [131, 163]], 0]
[616, [[137, 80], [125, 102], [79, 84]], 0]
[719, [[153, 76], [165, 104], [104, 81]], 0]
[826, [[163, 67], [144, 101], [100, 93]], 0]
[1077, [[110, 104], [63, 93], [156, 69]], 0]
[1572, [[136, 213], [95, 186], [158, 151]], 0]
[1920, [[165, 153], [160, 211], [97, 174]], 0]
[1966, [[155, 169], [163, 218], [78, 188]], 4]
[2142, [[74, 187], [144, 211], [162, 156]], 5]
[2377, [[149, 66], [64, 92], [168, 116]], 6]
[3366, [[158, 126], [61, 93], [162, 58]], 8]
[3570, [[168, 217], [61, 184], [167, 150]], 1469]
[3658, [[53, 92], [161, 126], [163, 59]], 2745]

Process finished with exit code 0

Number of individuals: 960 Number of features: 8
dots, [[1y 1x], [2y, 2x], [3y, 3x]], iteration
[318, [[101, 186], [145, 182], [116, 199]], 0]
[1824, [[154, 218], [96, 187], [168, 163]], 0]
[2624, [[165, 59], [70, 87], [142, 121]], 0]
[2994, [[158, 57], [164, 121], [68, 94]], 50]
[3240, [[58, 90], [162, 60], [156, 124]], 251]
[3372, [[167, 57], [164, 121], [60, 93]], 910]
[3428, [[58, 93], [166, 61], [166, 125]], 2032]

Process finished with exit code 0

Number of individuals: 960 Number of features: 8
dots, [[1y 1x], [2y, 2x], [3y, 3x]], iteration
[181, [[80, 187], [66, 184], [135, 173]], 0]
[204, [[82, 101], [111, 100], [69, 88]], 0]
[292, [[121, 88], [165, 123], [130, 82]], 0]
[615, [[162, 65], [138, 104], [109, 100]], 0]
[757, [[98, 172], [125, 204], [163, 193]], 0]
[920, [[138, 162], [69, 185], [106, 199]], 0]
[938, [[151, 65], [135, 104], [98, 77]], 0]
[1129, [[127, 110], [167, 123], [155, 63]], 0]
[2262, [[167, 60], [141, 117], [76, 86]], 1]
[2358, [[168, 158], [147, 211], [68, 186]], 28]
[2710, [[79, 187], [166, 155], [166, 218]], 34]
[2751, [[168, 219], [161, 161], [69, 183]], 63]
[2870, [[163, 125], [71, 91], [164, 63]], 449]
[2876, [[164, 68], [56, 93], [165, 121]], 561]
[2892, [[161, 207], [60, 186], [162, 150]], 561]
[2917, [[68, 95], [163, 125], [163, 63]], 564]
[2970, [[168, 150], [82, 178], [162, 221]], 584]
[3160, [[65, 184], [167, 219], [155, 153]], 702]
[3613, [[168, 128], [163, 59], [61, 95]], 776]

Process finished with exit code 0

Number of individuals: 960 Number of features: 8
dots, [[1y 1x], [2y, 2x], [3y, 3x]], iteration
[112, [[147, 71], [67, 87], [100, 83]], 0]
[1121, [[158, 162], [160, 207], [110, 197]], 0]
[1189, [[155, 120], [158, 62], [116, 82]], 1]
[1391, [[79, 178], [140, 166], [153, 209]], 2]
[2031, [[64, 93], [151, 113], [167, 70]], 3]
[2271, [[158, 116], [69, 93], [154, 64]], 5]
[2307, [[66, 184], [161, 217], [151, 165]], 8]
[2603, [[167, 223], [159, 156], [86, 195]], 9]
[2735, [[168, 55], [75, 88], [156, 118]], 13]
[2962, [[58, 188], [151, 155], [161, 215]], 25]
[3093, [[161, 156], [166, 214], [57, 186]], 318]
[3123, [[58, 91], [157, 65], [161, 127]], 547]
[3345, [[165, 161], [167, 223], [58, 187]], 1066]

Process finished with exit code 0

Number of individuals: 960 Number of features: 8
dots, [[1y 1x], [2y, 2x], [3y, 3x]], iteration
[838, [[161, 98], [155, 74], [90, 92]], 0]
[909, [[160, 101], [165, 65], [113, 76]], 0]
[1331, [[159, 165], [153, 212], [99, 192]], 0]
[1433, [[161, 207], [127, 162], [80, 184]], 1]
[1687, [[168, 214], [166, 162], [102, 183]], 2]
[1755, [[73, 96], [168, 118], [146, 76]], 13]
[2775, [[67, 90], [162, 127], [163, 69]], 14]
[3177, [[164, 222], [161, 158], [63, 184]], 127]
[3214, [[63, 184], [167, 218], [157, 153]], 869]
[3375, [[66, 187], [167, 218], [163, 150]], 1640]
[3462, [[167, 223], [166, 149], [73, 185]], 1642]

Process finished with exit code 0

