Number of individuals: 960 Number of features: 8
dots, [[1y 1x], [2y, 2x], [3y, 3x]], iteration
[325, [[136, 83], [154, 104], [153, 67]], 0]
[1105, [[117, 105], [164, 108], [164, 60]], 0]
[1455, [[167, 83], [75, 90], [162, 115]], 0]
[1604, [[155, 80], [165, 128], [90, 88]], 0]
[2083, [[160, 69], [161, 114], [68, 90]], 0]
[2334, [[78, 92], [165, 69], [156, 125]], 9]
[2392, [[166, 68], [165, 117], [68, 88]], 10]
[2409, [[165, 73], [162, 127], [76, 84]], 12]
[2417, [[62, 91], [142, 115], [163, 61]], 19]
[2445, [[156, 64], [165, 117], [68, 88]], 27]
[3180, [[163, 124], [71, 91], [166, 56]], 43]
[3396, [[159, 60], [57, 91], [164, 125]], 135]
[3519, [[165, 58], [59, 94], [165, 125]], 1274]
[3539, [[64, 91], [163, 127], [164, 56]], 1754]
[3690, [[64, 92], [166, 127], [167, 55]], 1756]
[3728, [[64, 95], [167, 127], [168, 55]], 1768]
[3762, [[64, 89], [166, 127], [168, 54]], 1866]
[3779, [[64, 89], [167, 127], [168, 54]], 1874]
[3783, [[64, 93], [167, 127], [168, 54]], 1922]

Process finished with exit code 0

Number of individuals: 960 Number of features: 8
dots, [[1y 1x], [2y, 2x], [3y, 3x]], iteration
[340, [[154, 69], [127, 101], [110, 96]], 0]
[408, [[145, 116], [113, 97], [67, 95]], 0]
[497, [[145, 92], [104, 75], [152, 119]], 0]
[579, [[160, 89], [125, 112], [160, 123]], 0]
[655, [[148, 122], [137, 67], [164, 84]], 0]
[712, [[165, 106], [113, 102], [126, 76]], 0]
[760, [[146, 106], [166, 66], [117, 89]], 0]
[1045, [[115, 74], [163, 61], [128, 114]], 0]
[1168, [[76, 97], [134, 108], [156, 72]], 0]
[1390, [[168, 65], [149, 112], [102, 82]], 0]
[1503, [[143, 120], [167, 77], [95, 81]], 0]
[1554, [[92, 84], [152, 65], [145, 119]], 0]
[1985, [[74, 97], [162, 127], [127, 70]], 1]
[2471, [[152, 62], [159, 124], [76, 94]], 1]
[2622, [[160, 73], [59, 91], [165, 124]], 4]
[2805, [[149, 120], [168, 55], [73, 85]], 7]
[2918, [[164, 121], [76, 93], [168, 56]], 19]
[2935, [[58, 92], [167, 113], [166, 59]], 40]
[3019, [[166, 57], [80, 92], [166, 128]], 49]
[3256, [[161, 57], [164, 125], [67, 96]], 50]
[3329, [[62, 90], [164, 125], [158, 58]], 81]
[3433, [[58, 93], [167, 127], [154, 60]], 249]
[3435, [[168, 54], [167, 121], [65, 88]], 508]
[3640, [[168, 54], [167, 125], [65, 88]], 649]
[3676, [[164, 55], [60, 94], [168, 124]], 842]

Process finished with exit code 0

Number of individuals: 960 Number of features: 8
dots, [[1y 1x], [2y, 2x], [3y, 3x]], iteration
[66, [[125, 104], [107, 103], [120, 111]], 0]
[106, [[113, 109], [145, 122], [65, 96]], 0]
[228, [[90, 102], [99, 84], [71, 91]], 0]
[463, [[121, 102], [155, 109], [165, 84]], 0]
[741, [[101, 90], [125, 72], [156, 110]], 0]
[805, [[89, 86], [157, 82], [167, 105]], 0]
[1103, [[93, 79], [161, 79], [124, 110]], 0]
[1406, [[168, 65], [94, 92], [148, 110]], 0]
[1628, [[134, 108], [159, 57], [82, 84]], 0]
[1940, [[158, 60], [67, 91], [148, 106]], 0]
[1965, [[151, 63], [165, 126], [97, 100]], 4]
[1970, [[70, 86], [135, 66], [149, 122]], 4]
[2226, [[159, 60], [82, 90], [161, 117]], 5]
[2504, [[62, 91], [168, 128], [160, 78]], 10]
[2553, [[72, 93], [161, 60], [161, 118]], 11]
[2737, [[160, 116], [56, 91], [154, 62]], 17]
[2994, [[154, 64], [168, 127], [66, 95]], 57]
[3160, [[164, 56], [63, 91], [151, 123]], 64]
[3203, [[168, 54], [70, 87], [166, 120]], 115]
[3534, [[57, 93], [167, 119], [168, 55]], 130]
[3556, [[167, 125], [55, 92], [155, 58]], 259]
[3625, [[165, 61], [53, 92], [164, 126]], 559]
[3739, [[55, 93], [168, 129], [159, 60]], 1235]
[3743, [[163, 125], [167, 57], [55, 91]], 2390]

Process finished with exit code 0

Number of individuals: 960 Number of features: 8
dots, [[1y 1x], [2y, 2x], [3y, 3x]], iteration
[121, [[106, 89], [98, 102], [115, 104]], 0]
[978, [[148, 76], [67, 96], [112, 109]], 0]
[1354, [[112, 110], [156, 64], [166, 115]], 0]
[2370, [[165, 66], [63, 90], [137, 119]], 0]
[3152, [[161, 120], [167, 55], [67, 88]], 4]
[3219, [[58, 93], [161, 115], [168, 54]], 60]
[3351, [[167, 58], [61, 95], [159, 124]], 289]
[3353, [[161, 124], [167, 55], [67, 88]], 298]
[3432, [[66, 95], [165, 126], [165, 56]], 793]
[3672, [[59, 93], [162, 126], [166, 56]], 1633]

Process finished with exit code 0

Number of individuals: 960 Number of features: 8
dots, [[1y 1x], [2y, 2x], [3y, 3x]], iteration
[456, [[143, 101], [147, 76], [109, 86]], 0]
[521, [[140, 112], [110, 96], [158, 87]], 0]
[751, [[164, 124], [139, 81], [110, 91]], 0]
[2417, [[155, 124], [165, 58], [88, 83]], 0]
[2485, [[159, 63], [66, 95], [163, 115]], 5]
[2630, [[71, 89], [165, 69], [160, 126]], 6]
[2820, [[147, 121], [67, 97], [165, 56]], 7]
[3029, [[150, 114], [55, 93], [167, 54]], 10]
[3464, [[164, 121], [168, 55], [61, 89]], 146]
[3465, [[70, 97], [168, 54], [165, 126]], 170]
[3609, [[165, 127], [164, 58], [60, 90]], 415]
[3661, [[166, 127], [158, 58], [56, 93]], 1089]
[3700, [[167, 56], [54, 92], [159, 124]], 2370]
[3767, [[167, 127], [63, 93], [167, 54]], 2536]
[3780, [[165, 127], [63, 93], [167, 54]], 2551]

Process finished with exit code 0

Number of individuals: 960 Number of features: 8
dots, [[1y 1x], [2y, 2x], [3y, 3x]], iteration
[309, [[160, 111], [124, 98], [74, 97]], 0]
[1540, [[164, 73], [76, 95], [135, 115]], 0]
[2265, [[96, 83], [162, 126], [166, 60]], 0]
[2337, [[131, 71], [168, 128], [64, 94]], 0]
[2428, [[164, 65], [65, 89], [168, 113]], 3]
[2766, [[151, 121], [57, 91], [163, 66]], 4]
[2848, [[165, 127], [139, 65], [59, 93]], 48]
[3036, [[167, 56], [61, 89], [155, 117]], 65]
[3684, [[56, 91], [168, 55], [161, 123]], 127]
[3714, [[159, 126], [58, 94], [167, 55]], 890]
[3779, [[168, 54], [64, 89], [167, 127]], 1023]
[3780, [[168, 54], [64, 88], [167, 127]], 1097]
[3783, [[168, 54], [64, 93], [167, 127]], 1431]

Process finished with exit code 0

Number of individuals: 960 Number of features: 8
dots, [[1y 1x], [2y, 2x], [3y, 3x]], iteration
[488, [[167, 57], [115, 73], [114, 92]], 0]
[855, [[134, 72], [100, 89], [163, 107]], 0]
[912, [[142, 119], [104, 97], [166, 85]], 0]
[1140, [[160, 69], [144, 106], [94, 81]], 0]
[1502, [[98, 97], [163, 58], [153, 110]], 0]
[1647, [[105, 106], [153, 60], [165, 117]], 0]
[1729, [[122, 112], [168, 71], [59, 93]], 0]
[2818, [[167, 57], [85, 92], [164, 127]], 0]
[2838, [[166, 121], [62, 93], [160, 65]], 6]
[2897, [[72, 92], [164, 57], [156, 123]], 40]
[3118, [[162, 58], [160, 121], [62, 91]], 78]
[3240, [[66, 96], [165, 57], [166, 122]], 155]
[3279, [[66, 91], [168, 129], [166, 64]], 187]
[3850, [[164, 128], [62, 92], [168, 54]], 348]

Process finished with exit code 0
