Number of individuals: 960 Number of features: 8
dots, [[1y 1x], [2y, 2x], [3y, 3x]], iteration
[24, [[112, 110], [157, 106], [168, 104]], 0]
[134, [[68, 91], [142, 100], [81, 89]], 0]
[278, [[133, 72], [167, 63], [85, 101]], 0]
[395, [[114, 81], [134, 103], [138, 68]], 0]
[837, [[111, 77], [150, 74], [135, 118]], 0]
[1421, [[107, 77], [161, 62], [145, 119]], 0]
[1880, [[168, 58], [161, 122], [106, 88]], 0]
[2245, [[77, 85], [164, 126], [146, 66]], 0]
[2989, [[168, 58], [161, 122], [71, 91]], 4]
[2998, [[164, 56], [67, 94], [166, 117]], 62]
[3248, [[167, 124], [58, 91], [151, 60]], 236]
[3279, [[162, 123], [62, 92], [167, 59]], 250]
[3658, [[56, 91], [162, 57], [161, 126]], 986]
[3799, [[164, 57], [56, 91], [165, 127]], 1572]

Process finished with exit code 0

Number of individuals: 960 Number of features: 8
dots, [[1y 1x], [2y, 2x], [3y, 3x]], iteration
[11, [[164, 91], [146, 67], [144, 65]], 0]
[43, [[120, 75], [136, 65], [120, 80]], 0]
[137, [[154, 84], [118, 83], [62, 89]], 0]
[350, [[166, 97], [126, 82], [141, 105]], 0]
[469, [[161, 100], [74, 88], [163, 111]], 0]
[495, [[149, 97], [168, 124], [158, 58]], 0]
[537, [[118, 78], [76, 85], [168, 95]], 0]
[664, [[118, 105], [77, 98], [149, 78]], 0]
[1149, [[153, 112], [156, 73], [95, 101]], 0]
[1551, [[155, 66], [74, 92], [165, 101]], 0]
[1719, [[165, 58], [149, 116], [97, 92]], 0]
[2085, [[83, 98], [159, 58], [168, 108]], 0]
[2660, [[73, 93], [165, 65], [161, 124]], 1]
[2787, [[166, 123], [72, 88], [164, 63]], 57]
[2872, [[167, 58], [79, 97], [167, 124]], 66]
[2873, [[168, 123], [80, 91], [163, 56]], 131]
[3322, [[158, 121], [168, 58], [57, 93]], 137]
[3367, [[63, 89], [161, 56], [165, 123]], 173]
[3481, [[168, 129], [59, 94], [155, 61]], 324]
[3496, [[168, 129], [59, 94], [162, 63]], 325]
[3520, [[167, 54], [66, 89], [166, 124]], 454]
[3674, [[163, 126], [164, 57], [57, 93]], 1919]
[3864, [[167, 57], [53, 92], [163, 126]], 2669]
[3923, [[167, 57], [53, 92], [163, 127]], 2675]

Process finished with exit code 0

Number of individuals: 960 Number of features: 8
dots, [[1y 1x], [2y, 2x], [3y, 3x]], iteration
[36, [[131, 78], [167, 108], [168, 107]], 0]
[121, [[121, 76], [168, 112], [138, 94]], 0]
[843, [[137, 69], [161, 95], [99, 98]], 0]
[1086, [[138, 64], [131, 116], [91, 103]], 0]
[1352, [[85, 83], [118, 113], [164, 73]], 0]
[1639, [[166, 56], [138, 112], [88, 96]], 0]
[1681, [[162, 118], [93, 96], [161, 69]], 0]
[2110, [[58, 91], [138, 64], [146, 114]], 1]
[2981, [[160, 57], [66, 90], [161, 120]], 3]
[3161, [[57, 92], [165, 57], [151, 120]], 22]
[3296, [[59, 92], [163, 58], [167, 120]], 230]
[3391, [[158, 58], [163, 127], [62, 89]], 473]
[3501, [[165, 55], [59, 91], [168, 120]], 494]
[3539, [[167, 55], [65, 92], [168, 124]], 607]
[3924, [[53, 92], [164, 56], [166, 126]], 1556]

Process finished with exit code 0

Number of individuals: 960 Number of features: 8
dots, [[1y 1x], [2y, 2x], [3y, 3x]], iteration
[1205, [[167, 122], [130, 77], [102, 108]], 0]
[2065, [[61, 90], [151, 116], [147, 69]], 0]
[2384, [[164, 118], [165, 61], [81, 83]], 0]
[2809, [[73, 88], [168, 117], [165, 57]], 4]
[2816, [[85, 85], [165, 56], [166, 126]], 34]
[2926, [[162, 127], [157, 58], [75, 96]], 56]
[3079, [[161, 60], [162, 125], [67, 87]], 109]
[3151, [[71, 90], [162, 124], [168, 57]], 127]
[3220, [[160, 61], [65, 88], [166, 127]], 128]
[3315, [[167, 54], [160, 123], [67, 93]], 141]
[3317, [[155, 58], [64, 92], [168, 126]], 207]
[3621, [[65, 88], [167, 54], [166, 125]], 264]
[3622, [[168, 59], [61, 93], [167, 127]], 975]
[3848, [[167, 55], [165, 125], [56, 93]], 2988]

Process finished with exit code 0

Number of individuals: 960 Number of features: 8
dots, [[1y 1x], [2y, 2x], [3y, 3x]], iteration
[277, [[110, 98], [82, 100], [132, 116]], 0]
[307, [[96, 96], [154, 70], [86, 90]], 0]
[562, [[136, 119], [148, 87], [107, 103]], 0]
[755, [[139, 106], [139, 73], [93, 96]], 0]
[1113, [[96, 103], [158, 96], [151, 61]], 0]
[1682, [[157, 66], [69, 92], [134, 111]], 0]
[1757, [[163, 124], [116, 78], [55, 93]], 0]
[2798, [[167, 58], [145, 120], [64, 94]], 1]
[2827, [[168, 129], [74, 95], [160, 66]], 10]
[3185, [[168, 55], [67, 96], [158, 122]], 35]
[3351, [[68, 93], [166, 128], [166, 59]], 38]
[3397, [[156, 58], [62, 91], [168, 126]], 150]
[3529, [[165, 128], [165, 56], [66, 93]], 300]
[3576, [[166, 120], [53, 92], [163, 56]], 679]
[3592, [[167, 54], [168, 124], [65, 94]], 763]
[3637, [[168, 56], [166, 121], [55, 92]], 1722]

Process finished with exit code 0

Number of individuals: 960 Number of features: 8
dots, [[1y 1x], [2y, 2x], [3y, 3x]], iteration
[56, [[153, 64], [95, 100], [150, 64]], 0]
[371, [[105, 97], [158, 79], [152, 95]], 0]
[1069, [[117, 101], [147, 69], [164, 122]], 0]
[1112, [[143, 72], [164, 118], [97, 77]], 0]
[1163, [[68, 93], [133, 117], [148, 87]], 0]
[1366, [[159, 123], [98, 93], [140, 69]], 0]
[1581, [[156, 123], [157, 67], [100, 100]], 0]
[1609, [[69, 90], [148, 121], [137, 76]], 0]
[1631, [[164, 57], [105, 79], [154, 116]], 0]
[1637, [[75, 96], [143, 66], [141, 115]], 1]
[2030, [[156, 123], [159, 67], [86, 81]], 1]
[2064, [[140, 115], [153, 64], [66, 88]], 2]
[2066, [[156, 123], [159, 66], [86, 81]], 3]
[2101, [[166, 123], [69, 92], [129, 68]], 6]
[2169, [[72, 94], [168, 72], [160, 119]], 6]
[2310, [[160, 59], [143, 120], [77, 87]], 8]
[2445, [[168, 59], [143, 120], [77, 87]], 11]
[2471, [[76, 94], [168, 64], [164, 119]], 13]
[2695, [[68, 94], [168, 64], [164, 119]], 14]
[3025, [[157, 116], [168, 55], [62, 93]], 31]
[3639, [[168, 54], [162, 127], [66, 88]], 97]
[3764, [[165, 127], [58, 93], [165, 56]], 1672]

Process finished with exit code 0

Number of individuals: 960 Number of features: 8
dots, [[1y 1x], [2y, 2x], [3y, 3x]], iteration
[124, [[142, 102], [159, 91], [158, 106]], 0]
[145, [[141, 105], [161, 127], [118, 94]], 0]
[540, [[161, 113], [137, 119], [146, 72]], 0]
[1354, [[158, 64], [133, 109], [83, 91]], 0]
[1364, [[128, 111], [74, 98], [161, 69]], 0]
[1430, [[75, 94], [139, 109], [153, 68]], 0]
[2121, [[145, 65], [85, 85], [166, 128]], 0]
[2136, [[144, 117], [74, 87], [167, 66]], 2]
[2157, [[160, 58], [64, 88], [134, 111]], 2]
[2203, [[62, 95], [163, 122], [139, 72]], 6]
[2800, [[168, 125], [167, 67], [71, 96]], 7]
[3039, [[168, 54], [65, 89], [156, 117]], 33]
[3318, [[164, 56], [167, 120], [62, 91]], 60]
[3347, [[58, 90], [160, 61], [162, 126]], 332]
[3360, [[62, 90], [168, 61], [162, 126]], 336]
[3432, [[70, 86], [167, 55], [166, 126]], 365]
[3516, [[58, 94], [158, 126], [162, 57]], 417]
[3766, [[168, 125], [166, 56], [58, 94]], 1551]

Process finished with exit code 0
